Vertex Count: 372

Data:

-4.6752 0 9.8693 0.4281 0.0605 0 -1 0
-4.7229 0 9.6309 0.4309 0.075 0 -1 0
-4.7229 0 -4.0493 0.4309 0.9047 0 -1 0
-4.5513 0 9.9931 0.4209 0.053 0 -1 0
-4.6752 0 9.8693 0.4281 0.0605 0 -1 0
-4.7229 0 -4.0493 0.4309 0.9047 0 -1 0
-4.313 0 10.0408 0.4069 0.0501 0 -1 0
-4.5513 0 9.9931 0.4209 0.053 0 -1 0
-4.7229 0 -4.0493 0.4309 0.9047 0 -1 0
2.2056 0 9.9931 0.0244 0.053 0 -1 0
1.9672 0 10.0408 0.0384 0.0501 0 -1 0
-4.313 0 10.0408 0.4069 0.0501 0 -1 0
2.3295 0 9.8693 0.0171 0.0605 0 -1 0
2.2056 0 9.9931 0.0244 0.053 0 -1 0
-4.313 0 10.0408 0.4069 0.0501 0 -1 0
2.3771 0 9.6309 0.0143 0.075 0 -1 0
2.3295 0 9.8693 0.0171 0.0605 0 -1 0
-4.313 0 10.0408 0.4069 0.0501 0 -1 0
2.3771 0 9.6309 0.0143 0.075 0 -1 0
-4.313 0 10.0408 0.4069 0.0501 0 -1 0
-4.7229 0 -4.0493 0.4309 0.9047 0 -1 0
2.3295 0 -4.2877 0.0171 0.9191 0 -1 0
2.3771 0 -4.0493 0.0143 0.9047 0 -1 0
2.3771 0 9.6309 0.0143 0.075 0 -1 0
2.2056 0 -4.4116 0.0244 0.9266 0 -1 0
2.3295 0 -4.2877 0.0171 0.9191 0 -1 0
2.3771 0 9.6309 0.0143 0.075 0 -1 0
1.9672 0 -4.4592 0.0384 0.9295 0 -1 0
2.2056 0 -4.4116 0.0244 0.9266 0 -1 0
2.3771 0 9.6309 0.0143 0.075 0 -1 0
1.9672 0 -4.4592 0.0384 0.9295 0 -1 0
2.3771 0 9.6309 0.0143 0.075 0 -1 0
-4.7229 0 -4.0493 0.4309 0.9047 0 -1 0
1.9672 0 -4.4592 0.0384 0.9295 0 -1 0
-4.7229 0 -4.0493 0.4309 0.9047 0 -1 0
-4.6752 0 -4.2877 0.4281 0.9191 0 -1 0
1.9672 0 -4.4592 0.0384 0.9295 0 -1 0
-4.6752 0 -4.2877 0.4281 0.9191 0 -1 0
-4.5513 0 -4.4116 0.4209 0.9266 0 -1 0
1.9672 0 -4.4592 0.0384 0.9295 0 -1 0
-4.5513 0 -4.4116 0.4209 0.9266 0 -1 0
-4.313 0 -4.4592 0.4069 0.9295 0 -1 0
2.2056 0.8 -4.4116 0.8781 0.9334 0 1 0
1.9672 0.8 -4.4592 0.8653 0.9363 0 1 0
-4.313 0.8 -4.4592 0.5285 0.9363 0 1 0
2.3295 0.8 -4.2877 0.8847 0.9258 0 1 0
2.2056 0.8 -4.4116 0.8781 0.9334 0 1 0
-4.313 0.8 -4.4592 0.5285 0.9363 0 1 0
2.3771 0.8 -4.0493 0.8873 0.9113 0 1 0
2.3295 0.8 -4.2877 0.8847 0.9258 0 1 0
-4.313 0.8 -4.4592 0.5285 0.9363 0 1 0
2.3295 0.8 9.8693 0.8847 0.0653 0 1 0
2.3771 0.8 9.6309 0.8873 0.0798 0 1 0
2.3771 0.8 -4.0493 0.8873 0.9113 0 1 0
2.2056 0.8 9.9931 0.8781 0.0578 0 1 0
2.3295 0.8 9.8693 0.8847 0.0653 0 1 0
2.3771 0.8 -4.0493 0.8873 0.9113 0 1 0
1.9672 0.8 10.0408 0.8653 0.0549 0 1 0
2.2056 0.8 9.9931 0.8781 0.0578 0 1 0
2.3771 0.8 -4.0493 0.8873 0.9113 0 1 0
1.9672 0.8 10.0408 0.8653 0.0549 0 1 0
2.3771 0.8 -4.0493 0.8873 0.9113 0 1 0
-4.313 0.8 -4.4592 0.5285 0.9363 0 1 0
-4.5513 0.8 9.9931 0.5157 0.0578 0 1 0
-4.313 0.8 10.0408 0.5285 0.0549 0 1 0
1.9672 0.8 10.0408 0.8653 0.0549 0 1 0
-4.6752 0.8 9.8693 0.509 0.0653 0 1 0
-4.5513 0.8 9.9931 0.5157 0.0578 0 1 0
1.9672 0.8 10.0408 0.8653 0.0549 0 1 0
-4.7229 0.8 9.6309 0.5065 0.0798 0 1 0
-4.6752 0.8 9.8693 0.509 0.0653 0 1 0
1.9672 0.8 10.0408 0.8653 0.0549 0 1 0
-4.7229 0.8 9.6309 0.5065 0.0798 0 1 0
1.9672 0.8 10.0408 0.8653 0.0549 0 1 0
-4.313 0.8 -4.4592 0.5285 0.9363 0 1 0
-4.7229 0.8 9.6309 0.5065 0.0798 0 1 0
-4.313 0.8 -4.4592 0.5285 0.9363 0 1 0
-4.5513 0.8 -4.4116 0.5157 0.9334 0 1 0
-4.7229 0.8 9.6309 0.5065 0.0798 0 1 0
-4.5513 0.8 -4.4116 0.5157 0.9334 0 1 0
-4.6752 0.8 -4.2877 0.509 0.9258 0 1 0
-4.7229 0.8 9.6309 0.5065 0.0798 0 1 0
-4.6752 0.8 -4.2877 0.509 0.9258 0 1 0
-4.7229 0.8 -4.0493 0.5065 0.9113 0 1 0
1.9771 0.7 -4.5592 0.8618 0.9693 0.0985 0 -0.9951
1.9771 0.1 -4.5592 0.8618 0.9918 0.0985 0 -0.9951
-4.3229 0.1 -4.5592 0.5253 0.9918 -0.0985 0 -0.9951
-4.3229 0.1 -4.5592 0.5253 0.9918 -0.0985 0 -0.9951
-4.3229 0.7 -4.5592 0.5253 0.9693 -0.0985 0 -0.9951
1.9771 0.7 -4.5592 0.8618 0.9693 0.0985 0 -0.9951
2.4771 0.7 9.6408 0.9042 0.093 0.9951 0 0.0985
2.4771 0.1 9.6408 0.9445 0.093 0.9951 0 0.0985
2.4771 0.1 -4.0592 0.9445 0.9182 0.9951 0 -0.0985
2.4771 0.1 -4.0592 0.9445 0.9182 0.9951 0 -0.0985
2.4771 0.7 -4.0592 0.9042 0.9182 0.9951 0 -0.0985
2.4771 0.7 9.6408 0.9042 0.093 0.9951 0 0.0985
-4.3229 0.7 10.1408 0.8615 0.00559998 -0.0985 0 0.9951
-4.3229 0.1 10.1408 0.8615 0.0318 -0.0985 0 0.9951
1.9771 0.1 10.1408 0.5276 0.0318 0.0985 0 0.9951
1.9771 0.1 10.1408 0.5276 0.0318 0.0985 0 0.9951
1.9771 0.7 10.1408 0.5276 0.00559998 0.0985 0 0.9951
-4.3229 0.7 10.1408 0.8615 0.00559998 -0.0985 0 0.9951
-4.8229 0.7 -4.0592 0.4487 0.9253 -0.9951 0 -0.0985
-4.8229 0.1 -4.0592 0.4877 0.9253 -0.9951 0 -0.0985
-4.8229 0.1 9.6408 0.4877 0.088 -0.9951 0 0.0985
-4.8229 0.1 9.6408 0.4877 0.088 -0.9951 0 0.0985
-4.8229 0.7 9.6408 0.4487 0.088 -0.9951 0 0.0985
-4.8229 0.7 -4.0592 0.4487 0.9253 -0.9951 0 -0.0985
1.9771 0.1 -4.5592 0.8618 0.9918 0.0985 0 -0.9951
1.9771 0.7 -4.5592 0.8618 0.9693 0.0985 0 -0.9951
2.2549 0.7 -4.5037 0.8766 0.9693 0.1961 0 -0.9806
2.2549 0.7 -4.5037 0.8766 0.9693 0.1961 0 -0.9806
2.2549 0.1 -4.5037 0.8766 0.9918 0.1961 0 -0.9806
1.9771 0.1 -4.5592 0.8618 0.9918 0.0985 0 -0.9951
-4.3229 0.7 -4.5592 0.5253 0.9693 -0.0985 0 -0.9951
-4.3229 0.1 -4.5592 0.5253 0.9918 -0.0985 0 -0.9951
-4.6006 0.1 -4.5037 0.5105 0.9918 -0.1961 0 -0.9806
-4.6006 0.1 -4.5037 0.5105 0.9918 -0.1961 0 -0.9806
-4.6006 0.7 -4.5037 0.5105 0.9693 -0.1961 0 -0.9806
-4.3229 0.7 -4.5592 0.5253 0.9693 -0.0985 0 -0.9951
2.4771 0.1 9.6408 0.9445 0.093 0.9951 0 0.0985
2.4771 0.7 9.6408 0.9042 0.093 0.9951 0 0.0985
2.4216 0.7 9.9186 0.9042 0.0763 0.9806 0 0.1961
2.4216 0.7 9.9186 0.9042 0.0763 0.9806 0 0.1961
2.4216 0.1 9.9186 0.9445 0.0763 0.9806 0 0.1961
2.4771 0.1 9.6408 0.9445 0.093 0.9951 0 0.0985
-4.3229 0.1 10.1408 0.8615 0.0318 -0.0985 0 0.9951
-4.3229 0.7 10.1408 0.8615 0.00559998 -0.0985 0 0.9951
-4.6006 0.7 10.0852 0.8762 0.00559998 -0.1961 0 0.9806
-4.6006 0.7 10.0852 0.8762 0.00559998 -0.1961 0 0.9806
-4.6006 0.1 10.0852 0.8762 0.0318 -0.1961 0 0.9806
-4.3229 0.1 10.1408 0.8615 0.0318 -0.0985 0 0.9951
2.2549 0.1 -4.5037 0.8766 0.9918 0.7071 0 -0.7071
2.2549 0.7 -4.5037 0.8766 0.9693 0.7071 0 -0.7071
2.4216 0.7 -4.337 0.8855 0.9693 0.7071 0 -0.7071
2.4216 0.7 -4.337 0.8855 0.9693 0.7071 0 -0.7071
2.4216 0.1 -4.337 0.8855 0.9918 0.7071 0 -0.7071
2.2549 0.1 -4.5037 0.8766 0.9918 0.7071 0 -0.7071
2.4216 0.1 -4.337 0.9445 0.9349 0.9806 0 -0.1961
2.4216 0.7 -4.337 0.9042 0.9349 0.9806 0 -0.1961
2.4771 0.7 -4.0592 0.9042 0.9182 0.9951 0 -0.0985
2.4771 0.7 -4.0592 0.9042 0.9182 0.9951 0 -0.0985
2.4771 0.1 -4.0592 0.9445 0.9182 0.9951 0 -0.0985
2.4216 0.1 -4.337 0.9445 0.9349 0.9806 0 -0.1961
-4.6006 0.7 -4.5037 0.5105 0.9693 -0.7071 0 -0.7071
-4.6006 0.1 -4.5037 0.5105 0.9918 -0.7071 0 -0.7071
-4.7673 0.1 -4.337 0.5016 0.9918 -0.7071 0 -0.7071
-4.7673 0.1 -4.337 0.5016 0.9918 -0.7071 0 -0.7071
-4.7673 0.7 -4.337 0.5016 0.9693 -0.7071 0 -0.7071
-4.6006 0.7 -4.5037 0.5105 0.9693 -0.7071 0 -0.7071
-4.7673 0.7 -4.337 0.4487 0.9423 -0.9806 0 -0.1961
-4.7673 0.1 -4.337 0.4877 0.9423 -0.9806 0 -0.1961
-4.8229 0.1 -4.0592 0.4877 0.9253 -0.9951 0 -0.0985
-4.8229 0.1 -4.0592 0.4877 0.9253 -0.9951 0 -0.0985
-4.8229 0.7 -4.0592 0.4487 0.9253 -0.9951 0 -0.0985
-4.7673 0.7 -4.337 0.4487 0.9423 -0.9806 0 -0.1961
2.4216 0.1 9.9186 0.504 0.0318 0.7071 0 0.7071
2.4216 0.7 9.9186 0.504 0.00559998 0.7071 0 0.7071
2.2549 0.7 10.0852 0.5129 0.00559998 0.7071 0 0.7071
2.2549 0.7 10.0852 0.5129 0.00559998 0.7071 0 0.7071
2.2549 0.1 10.0852 0.5129 0.0318 0.7071 0 0.7071
2.4216 0.1 9.9186 0.504 0.0318 0.7071 0 0.7071
2.2549 0.1 10.0852 0.5129 0.0318 0.1961 0 0.9806
2.2549 0.7 10.0852 0.5129 0.00559998 0.1961 0 0.9806
1.9771 0.7 10.1408 0.5276 0.00559998 0.0985 0 0.9951
1.9771 0.7 10.1408 0.5276 0.00559998 0.0985 0 0.9951
1.9771 0.1 10.1408 0.5276 0.0318 0.0985 0 0.9951
2.2549 0.1 10.0852 0.5129 0.0318 0.1961 0 0.9806
-4.6006 0.1 10.0852 0.8762 0.0318 -0.7071 0 0.7071
-4.6006 0.7 10.0852 0.8762 0.00559998 -0.7071 0 0.7071
-4.7673 0.7 9.9186 0.8851 0.00559998 -0.7071 0 0.7071
-4.7673 0.7 9.9186 0.8851 0.00559998 -0.7071 0 0.7071
-4.7673 0.1 9.9186 0.8851 0.0318 -0.7071 0 0.7071
-4.6006 0.1 10.0852 0.8762 0.0318 -0.7071 0 0.7071
-4.7673 0.1 9.9186 0.4877 0.0711 -0.9806 0 0.1961
-4.7673 0.7 9.9186 0.4487 0.0711 -0.9806 0 0.1961
-4.8229 0.7 9.6408 0.4487 0.088 -0.9951 0 0.0985
-4.8229 0.7 9.6408 0.4487 0.088 -0.9951 0 0.0985
-4.8229 0.1 9.6408 0.4877 0.088 -0.9951 0 0.0985
-4.7673 0.1 9.9186 0.4877 0.0711 -0.9806 0 0.1961
-4.8229 0.1 9.6408 0.4368 0.0744 -0.7019 -0.7088 0.0695
-4.8229 0.1 -4.0592 0.4368 0.9053 -0.7019 -0.7088 -0.0695
-4.7229 0 -4.0493 0.4309 0.9047 -0.7019 -0.7088 -0.0695
-4.7229 0 -4.0493 0.4309 0.9047 -0.7019 -0.7088 -0.0695
-4.7229 0 9.6309 0.4309 0.075 -0.7019 -0.7088 0.0695
-4.8229 0.1 9.6408 0.4368 0.0744 -0.7019 -0.7088 0.0695
1.9771 0.1 10.1408 0.0378 0.044 0.0695 -0.7088 0.7019
-4.3229 0.1 10.1408 0.4075 0.044 -0.0695 -0.7088 0.7019
-4.313 0 10.0408 0.4069 0.0501 -0.0695 -0.7088 0.7019
-4.313 0 10.0408 0.4069 0.0501 -0.0695 -0.7088 0.7019
1.9672 0 10.0408 0.0384 0.0501 0.0695 -0.7088 0.7019
1.9771 0.1 10.1408 0.0378 0.044 0.0695 -0.7088 0.7019
2.4771 0.1 -4.0592 0.0085 0.9053 0.7019 -0.7088 -0.0695
2.4771 0.1 9.6408 0.0085 0.0744 0.7019 -0.7088 0.0695
2.3771 0 9.6309 0.0143 0.075 0.7019 -0.7088 0.0695
2.3771 0 9.6309 0.0143 0.075 0.7019 -0.7088 0.0695
2.3771 0 -4.0493 0.0143 0.9047 0.7019 -0.7088 -0.0695
2.4771 0.1 -4.0592 0.0085 0.9053 0.7019 -0.7088 -0.0695
-4.3229 0.1 -4.5592 0.4075 0.9356 -0.0695 -0.7088 -0.7019
1.9771 0.1 -4.5592 0.0378 0.9356 0.0695 -0.7088 -0.7019
1.9672 0 -4.4592 0.0384 0.9295 0.0695 -0.7088 -0.7019
1.9672 0 -4.4592 0.0384 0.9295 0.0695 -0.7088 -0.7019
-4.313 0 -4.4592 0.4069 0.9295 -0.0695 -0.7088 -0.7019
-4.3229 0.1 -4.5592 0.4075 0.9356 -0.0695 -0.7088 -0.7019
1.9771 0.7 -4.5592 0.8658 0.9423 0.0695 0.7088 -0.7019
-4.3229 0.7 -4.5592 0.5279 0.9423 -0.0695 0.7088 -0.7019
-4.313 0.8 -4.4592 0.5285 0.9363 -0.0695 0.7088 -0.7019
-4.313 0.8 -4.4592 0.5285 0.9363 -0.0695 0.7088 -0.7019
1.9672 0.8 -4.4592 0.8653 0.9363 0.0695 0.7088 -0.7019
1.9771 0.7 -4.5592 0.8658 0.9423 0.0695 0.7088 -0.7019
2.4771 0.7 9.6408 0.8926 0.0792 0.7019 0.7088 0.0695
2.4771 0.7 -4.0592 0.8926 0.9119 0.7019 0.7088 -0.0695
2.3771 0.8 -4.0493 0.8873 0.9113 0.7019 0.7088 -0.0695
2.3771 0.8 -4.0493 0.8873 0.9113 0.7019 0.7088 -0.0695
2.3771 0.8 9.6309 0.8873 0.0798 0.7019 0.7088 0.0695
2.4771 0.7 9.6408 0.8926 0.0792 0.7019 0.7088 0.0695
-4.3229 0.7 10.1408 0.5279 0.0488 -0.0695 0.7088 0.7019
1.9771 0.7 10.1408 0.8658 0.0488 0.0695 0.7088 0.7019
1.9672 0.8 10.0408 0.8653 0.0549 0.0695 0.7088 0.7019
1.9672 0.8 10.0408 0.8653 0.0549 0.0695 0.7088 0.7019
-4.313 0.8 10.0408 0.5285 0.0549 -0.0695 0.7088 0.7019
-4.3229 0.7 10.1408 0.5279 0.0488 -0.0695 0.7088 0.7019
-4.8229 0.7 -4.0592 0.5011 0.9119 -0.7019 0.7088 -0.0695
-4.8229 0.7 9.6408 0.5011 0.0792 -0.7019 0.7088 0.0695
-4.7229 0.8 9.6309 0.5065 0.0798 -0.7019 0.7088 0.0695
-4.7229 0.8 9.6309 0.5065 0.0798 -0.7019 0.7088 0.0695
-4.7229 0.8 -4.0493 0.5065 0.9113 -0.7019 0.7088 -0.0695
-4.8229 0.7 -4.0592 0.5011 0.9119 -0.7019 0.7088 -0.0695
-4.6752 0 -4.2877 0.4281 0.9191 -0.6096 -0.7224 -0.3263
-4.7229 0 -4.0493 0.4309 0.9047 -0.7019 -0.7088 -0.0695
-4.8229 0.1 -4.0592 0.4368 0.9053 -0.7019 -0.7088 -0.0695
-4.8229 0.1 -4.0592 0.4368 0.9053 -0.7019 -0.7088 -0.0695
-4.7673 0.1 -4.337 0.4335 0.9221 -0.6096 -0.7224 -0.3263
-4.6752 0 -4.2877 0.4281 0.9191 -0.6096 -0.7224 -0.3263
2.2056 0 -4.4116 0.0244 0.9266 0.3263 -0.7224 -0.6096
1.9672 0 -4.4592 0.0384 0.9295 0.0695 -0.7088 -0.7019
1.9771 0.1 -4.5592 0.0378 0.9356 0.0695 -0.7088 -0.7019
1.9771 0.1 -4.5592 0.0378 0.9356 0.0695 -0.7088 -0.7019
2.2549 0.1 -4.5037 0.0215 0.9322 0.3263 -0.7224 -0.6096
2.2056 0 -4.4116 0.0244 0.9266 0.3263 -0.7224 -0.6096
-4.5513 0 9.9931 0.4209 0.053 -0.3263 -0.7224 0.6096
-4.313 0 10.0408 0.4069 0.0501 -0.0695 -0.7088 0.7019
-4.3229 0.1 10.1408 0.4075 0.044 -0.0695 -0.7088 0.7019
-4.3229 0.1 10.1408 0.4075 0.044 -0.0695 -0.7088 0.7019
-4.6006 0.1 10.0852 0.4238 0.0474 -0.3263 -0.7224 0.6096
-4.5513 0 9.9931 0.4209 0.053 -0.3263 -0.7224 0.6096
2.3295 0 9.8693 0.0171 0.0605 0.6096 -0.7224 0.3263
2.3771 0 9.6309 0.0143 0.075 0.7019 -0.7088 0.0695
2.4771 0.1 9.6408 0.0085 0.0744 0.7019 -0.7088 0.0695
2.4771 0.1 9.6408 0.0085 0.0744 0.7019 -0.7088 0.0695
2.4216 0.1 9.9186 0.0117 0.0575 0.6096 -0.7224 0.3263
2.3295 0 9.8693 0.0171 0.0605 0.6096 -0.7224 0.3263
-4.5513 0.8 -4.4116 0.5157 0.9334 -0.3263 0.7224 -0.6096
-4.313 0.8 -4.4592 0.5285 0.9363 -0.0695 0.7088 -0.7019
-4.3229 0.7 -4.5592 0.5279 0.9423 -0.0695 0.7088 -0.7019
-4.3229 0.7 -4.5592 0.5279 0.9423 -0.0695 0.7088 -0.7019
-4.6006 0.7 -4.5037 0.513 0.939 -0.3263 0.7224 -0.6096
-4.5513 0.8 -4.4116 0.5157 0.9334 -0.3263 0.7224 -0.6096
2.3295 0.8 -4.2877 0.8847 0.9258 0.6096 0.7224 -0.3263
2.3771 0.8 -4.0493 0.8873 0.9113 0.7019 0.7088 -0.0695
2.4771 0.7 -4.0592 0.8926 0.9119 0.7019 0.7088 -0.0695
2.4771 0.7 -4.0592 0.8926 0.9119 0.7019 0.7088 -0.0695
2.4216 0.7 -4.337 0.8897 0.9288 0.6096 0.7224 -0.3263
2.3295 0.8 -4.2877 0.8847 0.9258 0.6096 0.7224 -0.3263
-4.6752 0.8 9.8693 0.509 0.0653 -0.6096 0.7224 0.3263
-4.7229 0.8 9.6309 0.5065 0.0798 -0.7019 0.7088 0.0695
-4.8229 0.7 9.6408 0.5011 0.0792 -0.7019 0.7088 0.0695
-4.8229 0.7 9.6408 0.5011 0.0792 -0.7019 0.7088 0.0695
-4.7673 0.7 9.9186 0.5041 0.0623 -0.6096 0.7224 0.3263
-4.6752 0.8 9.8693 0.509 0.0653 -0.6096 0.7224 0.3263
2.2056 0.8 9.9931 0.8781 0.0578 0.3263 0.7224 0.6096
1.9672 0.8 10.0408 0.8653 0.0549 0.0695 0.7088 0.7019
1.9771 0.7 10.1408 0.8658 0.0488 0.0695 0.7088 0.7019
1.9771 0.7 10.1408 0.8658 0.0488 0.0695 0.7088 0.7019
2.2549 0.7 10.0852 0.8807 0.0522 0.3263 0.7224 0.6096
2.2056 0.8 9.9931 0.8781 0.0578 0.3263 0.7224 0.6096
-4.313 0 -4.4592 0.4069 0.9295 -0.0695 -0.7088 -0.7019
-4.5513 0 -4.4116 0.4209 0.9266 -0.3263 -0.7224 -0.6096
-4.6006 0.1 -4.5037 0.4238 0.9322 -0.3263 -0.7224 -0.6096
-4.6006 0.1 -4.5037 0.4238 0.9322 -0.3263 -0.7224 -0.6096
-4.3229 0.1 -4.5592 0.4075 0.9356 -0.0695 -0.7088 -0.7019
-4.313 0 -4.4592 0.4069 0.9295 -0.0695 -0.7088 -0.7019
-4.5513 0 -4.4116 0.4209 0.9266 -0.3263 -0.7224 -0.6096
-4.6752 0 -4.2877 0.4281 0.9191 -0.6096 -0.7224 -0.3263
-4.7673 0.1 -4.337 0.4335 0.9221 -0.6096 -0.7224 -0.3263
-4.7673 0.1 -4.337 0.4335 0.9221 -0.6096 -0.7224 -0.3263
-4.6006 0.1 -4.5037 0.4238 0.9322 -0.3263 -0.7224 -0.6096
-4.5513 0 -4.4116 0.4209 0.9266 -0.3263 -0.7224 -0.6096
2.3771 0 -4.0493 0.0143 0.9047 0.7019 -0.7088 -0.0695
2.3295 0 -4.2877 0.0171 0.9191 0.6096 -0.7224 -0.3263
2.4216 0.1 -4.337 0.0117 0.9221 0.6096 -0.7224 -0.3263
2.4216 0.1 -4.337 0.0117 0.9221 0.6096 -0.7224 -0.3263
2.4771 0.1 -4.0592 0.0085 0.9053 0.7019 -0.7088 -0.0695
2.3771 0 -4.0493 0.0143 0.9047 0.7019 -0.7088 -0.0695
2.3295 0 -4.2877 0.0171 0.9191 0.6096 -0.7224 -0.3263
2.2056 0 -4.4116 0.0244 0.9266 0.3263 -0.7224 -0.6096
2.2549 0.1 -4.5037 0.0215 0.9322 0.3263 -0.7224 -0.6096
2.2549 0.1 -4.5037 0.0215 0.9322 0.3263 -0.7224 -0.6096
2.4216 0.1 -4.337 0.0117 0.9221 0.6096 -0.7224 -0.3263
2.3295 0 -4.2877 0.0171 0.9191 0.6096 -0.7224 -0.3263
-4.7229 0 9.6309 0.4309 0.075 -0.7019 -0.7088 0.0695
-4.6752 0 9.8693 0.4281 0.0605 -0.6096 -0.7224 0.3263
-4.7673 0.1 9.9186 0.4335 0.0575 -0.6096 -0.7224 0.3263
-4.7673 0.1 9.9186 0.4335 0.0575 -0.6096 -0.7224 0.3263
-4.8229 0.1 9.6408 0.4368 0.0744 -0.7019 -0.7088 0.0695
-4.7229 0 9.6309 0.4309 0.075 -0.7019 -0.7088 0.0695
-4.6752 0 9.8693 0.4281 0.0605 -0.6096 -0.7224 0.3263
-4.5513 0 9.9931 0.4209 0.053 -0.3263 -0.7224 0.6096
-4.6006 0.1 10.0852 0.4238 0.0474 -0.3263 -0.7224 0.6096
-4.6006 0.1 10.0852 0.4238 0.0474 -0.3263 -0.7224 0.6096
-4.7673 0.1 9.9186 0.4335 0.0575 -0.6096 -0.7224 0.3263
-4.6752 0 9.8693 0.4281 0.0605 -0.6096 -0.7224 0.3263
1.9672 0 10.0408 0.0384 0.0501 0.0695 -0.7088 0.7019
2.2056 0 9.9931 0.0244 0.053 0.3263 -0.7224 0.6096
2.2549 0.1 10.0852 0.0215 0.0474 0.3263 -0.7224 0.6096
2.2549 0.1 10.0852 0.0215 0.0474 0.3263 -0.7224 0.6096
1.9771 0.1 10.1408 0.0378 0.044 0.0695 -0.7088 0.7019
1.9672 0 10.0408 0.0384 0.0501 0.0695 -0.7088 0.7019
2.2056 0 9.9931 0.0244 0.053 0.3263 -0.7224 0.6096
2.3295 0 9.8693 0.0171 0.0605 0.6096 -0.7224 0.3263
2.4216 0.1 9.9186 0.0117 0.0575 0.6096 -0.7224 0.3263
2.4216 0.1 9.9186 0.0117 0.0575 0.6096 -0.7224 0.3263
2.2549 0.1 10.0852 0.0215 0.0474 0.3263 -0.7224 0.6096
2.2056 0 9.9931 0.0244 0.053 0.3263 -0.7224 0.6096
-4.7229 0.8 -4.0493 0.5065 0.9113 -0.7019 0.7088 -0.0695
-4.6752 0.8 -4.2877 0.509 0.9258 -0.6096 0.7224 -0.3263
-4.7673 0.7 -4.337 0.5041 0.9288 -0.6096 0.7224 -0.3263
-4.7673 0.7 -4.337 0.5041 0.9288 -0.6096 0.7224 -0.3263
-4.8229 0.7 -4.0592 0.5011 0.9119 -0.7019 0.7088 -0.0695
-4.7229 0.8 -4.0493 0.5065 0.9113 -0.7019 0.7088 -0.0695
-4.6752 0.8 -4.2877 0.509 0.9258 -0.6096 0.7224 -0.3263
-4.5513 0.8 -4.4116 0.5157 0.9334 -0.3263 0.7224 -0.6096
-4.6006 0.7 -4.5037 0.513 0.939 -0.3263 0.7224 -0.6096
-4.6006 0.7 -4.5037 0.513 0.939 -0.3263 0.7224 -0.6096
-4.7673 0.7 -4.337 0.5041 0.9288 -0.6096 0.7224 -0.3263
-4.6752 0.8 -4.2877 0.509 0.9258 -0.6096 0.7224 -0.3263
1.9672 0.8 -4.4592 0.8653 0.9363 0.0695 0.7088 -0.7019
2.2056 0.8 -4.4116 0.8781 0.9334 0.3263 0.7224 -0.6096
2.2549 0.7 -4.5037 0.8807 0.939 0.3263 0.7224 -0.6096
2.2549 0.7 -4.5037 0.8807 0.939 0.3263 0.7224 -0.6096
1.9771 0.7 -4.5592 0.8658 0.9423 0.0695 0.7088 -0.7019
1.9672 0.8 -4.4592 0.8653 0.9363 0.0695 0.7088 -0.7019
2.2056 0.8 -4.4116 0.8781 0.9334 0.3263 0.7224 -0.6096
2.3295 0.8 -4.2877 0.8847 0.9258 0.6096 0.7224 -0.3263
2.4216 0.7 -4.337 0.8897 0.9288 0.6096 0.7224 -0.3263
2.4216 0.7 -4.337 0.8897 0.9288 0.6096 0.7224 -0.3263
2.2549 0.7 -4.5037 0.8807 0.939 0.3263 0.7224 -0.6096
2.2056 0.8 -4.4116 0.8781 0.9334 0.3263 0.7224 -0.6096
-4.313 0.8 10.0408 0.5285 0.0549 -0.0695 0.7088 0.7019
-4.5513 0.8 9.9931 0.5157 0.0578 -0.3263 0.7224 0.6096
-4.6006 0.7 10.0852 0.513 0.0522 -0.3263 0.7224 0.6096
-4.6006 0.7 10.0852 0.513 0.0522 -0.3263 0.7224 0.6096
-4.3229 0.7 10.1408 0.5279 0.0488 -0.0695 0.7088 0.7019
-4.313 0.8 10.0408 0.5285 0.0549 -0.0695 0.7088 0.7019
-4.5513 0.8 9.9931 0.5157 0.0578 -0.3263 0.7224 0.6096
-4.6752 0.8 9.8693 0.509 0.0653 -0.6096 0.7224 0.3263
-4.7673 0.7 9.9186 0.5041 0.0623 -0.6096 0.7224 0.3263
-4.7673 0.7 9.9186 0.5041 0.0623 -0.6096 0.7224 0.3263
-4.6006 0.7 10.0852 0.513 0.0522 -0.3263 0.7224 0.6096
-4.5513 0.8 9.9931 0.5157 0.0578 -0.3263 0.7224 0.6096
2.3771 0.8 9.6309 0.8873 0.0798 0.7019 0.7088 0.0695
2.3295 0.8 9.8693 0.8847 0.0653 0.6096 0.7224 0.3263
2.4216 0.7 9.9186 0.8897 0.0623 0.6096 0.7224 0.3263
2.4216 0.7 9.9186 0.8897 0.0623 0.6096 0.7224 0.3263
2.4771 0.7 9.6408 0.8926 0.0792 0.7019 0.7088 0.0695
2.3771 0.8 9.6309 0.8873 0.0798 0.7019 0.7088 0.0695
2.3295 0.8 9.8693 0.8847 0.0653 0.6096 0.7224 0.3263
2.2056 0.8 9.9931 0.8781 0.0578 0.3263 0.7224 0.6096
2.2549 0.7 10.0852 0.8807 0.0522 0.3263 0.7224 0.6096
2.2549 0.7 10.0852 0.8807 0.0522 0.3263 0.7224 0.6096
2.4216 0.7 9.9186 0.8897 0.0623 0.6096 0.7224 0.3263
2.3295 0.8 9.8693 0.8847 0.0653 0.6096 0.7224 0.3263
